theta1_0: 0.201699
theta1_1: 9.02126
theta1_2: 8.13212
theta1_3: 8.5822
theta1_4: 1.95558
theta1_5: 7.48504
theta1_6: 4.94691
theta1_7: -24.7852
theta1_8: -18.3534
theta1_9: -12.4085
theta1_10: -21.0168
theta1_11: -20.9917
theta1_12: -16.3693
theta1_13: -14.8742
theta2_0: 0.0117882
theta2_1: 0.0285896
theta2_2: 0.0958242
theta2_3: 0.336472
