theta1_0: -0.862279
theta1_1: 15.9195
theta1_2: 18.6219
theta1_3: 18.1433
theta1_4: 18.1173
theta1_5: 22.8929
theta1_6: 18.0634
theta1_7: -13.6534
theta1_8: -29.3721
theta1_9: -23.5566
theta1_10: -44.444
theta1_11: -37.4933
theta1_12: -28.2318
theta1_13: -25.9561
theta2_0: 0.0104001
theta2_1: 0.0075776
theta2_2: 0.0028521
theta2_3: 0.0517068
