theta1_0: 0.219634
theta1_1: 1.31093
theta1_2: 1.47023
theta1_3: 1.20588
theta1_4: 2.39259
theta1_5: 2.61897
theta1_6: 0.646123
theta1_7: 0.4412
theta1_8: 1.78965
theta1_9: -0.3368
theta1_10: -4.57711
theta1_11: -3.32001
theta1_12: -1.29631
theta1_13: -1.23608
theta2_0: 0.0117419
theta2_1: 0.0102311
theta2_2: 0.00372038
theta2_3: -0.0094093
