theta1_0: 2.10595
theta1_1: 23.5764
theta1_2: 24.5544
theta1_3: 19.9386
theta1_4: 35.838
theta1_5: 33.2563
theta1_6: 17.8724
theta1_7: 53.9976
theta1_8: 34.9272
theta1_9: 40.3831
theta1_10: 16.6552
theta1_11: 26.6546
theta1_12: 36.1892
theta1_13: 37.7361
theta2_0: 0.0177832
theta2_1: -0.0160225
theta2_2: -0.224013
theta2_3: -0.165142
