theta1_0: 0.199092
theta1_1: 8.14122
theta1_2: 8.76296
theta1_3: 8.21357
theta1_4: 6.3525
theta1_5: 2.80143
theta1_6: 7.00437
theta1_7: -30.0029
theta1_8: -18.8988
theta1_9: -18.7339
theta1_10: -29.88
theta1_11: -28.3967
theta1_12: -22.1147
theta1_13: -21.7199
theta2_0: -2.0007
theta2_1: 4.99101
theta2_2: -0.959026
theta2_3: 19.9608
