theta1_0: 0.22498
theta1_1: 2.94494
theta1_2: -0.00217269
theta1_3: 5.67521
theta1_4: 5.30814
theta1_5: -4.14422
theta1_6: 5.0003
theta1_7: 15.2761
theta1_8: 14.7801
theta1_9: 13.4079
theta1_10: 7.40408
theta1_11: 9.58299
theta1_12: 12.2996
theta1_13: 12.3976
theta2_0: -0.0162366
theta2_1: 0.011798
theta2_2: -0.142276
theta2_3: 0.0654056
