theta1_0: -1.39424
theta1_1: 51.269
theta1_2: 43.7997
theta1_3: 48.0698
theta1_4: 38.4162
theta1_5: 46.3996
theta1_6: 18.2691
theta1_7: -87.1681
theta1_8: 34.581
theta1_9: -89.4481
theta1_10: -304.628
theta1_11: -262.644
theta1_12: -148.866
theta1_13: -146.851
theta2_0: -1.67757
theta2_1: -207.193
theta2_2: 1813.37
theta2_3: 535.361
